# Camera list with one line of data per camera:
#   CAMERA_ID, MODEL, WIDTH, HEIGHT, PARAMS[]
# Number of cameras: 17
1 SIMPLE_PINHOLE 979 546 578.78485252908865 489.5 273
2 SIMPLE_PINHOLE 979 546 579.20027724459726 489.5 273
3 SIMPLE_PINHOLE 979 546 583.84630321321288 489.5 273
4 SIMPLE_PINHOLE 979 546 580.47700580119022 489.5 273
5 SIMPLE_PINHOLE 979 546 581.85463700931484 489.5 273
6 SIMPLE_PINHOLE 979 546 582.12252453408496 489.5 273
7 SIMPLE_PINHOLE 979 546 580.18301134154399 489.5 273
8 SIMPLE_PINHOLE 979 546 581.44113832220614 489.5 273
9 SIMPLE_PINHOLE 979 546 578.42861368457261 489.5 273
10 SIMPLE_PINHOLE 979 546 578.0911145672037 489.5 273
11 SIMPLE_PINHOLE 979 546 576.37540004542279 489.5 273
12 SIMPLE_PINHOLE 979 546 575.93775659449545 489.5 273
13 SIMPLE_PINHOLE 979 546 575.92004973225767 489.5 273
14 SIMPLE_PINHOLE 979 546 576.51249055339235 489.5 273
15 SIMPLE_PINHOLE 979 546 575.54647015696605 489.5 273
16 SIMPLE_PINHOLE 979 546 572.88268009402793 489.5 273
17 SIMPLE_PINHOLE 979 546 577.66757926718401 489.5 273
