# Camera list with one line of data per camera:
#   CAMERA_ID, MODEL, WIDTH, HEIGHT, PARAMS[]
# Number of cameras: 26
1 SIMPLE_RADIAL 979 546 582.28200882381395 489.5 273 0.00019842325073718216
2 SIMPLE_RADIAL 979 546 580.93502357886348 489.5 273 0.00021183310144033948
3 SIMPLE_RADIAL 979 546 578.120290187205 489.5 273 0.0091485435898645065
4 SIMPLE_RADIAL 979 546 581.71201984576783 489.5 273 0.0036619643397035493
5 SIMPLE_RADIAL 979 546 585.80472282420874 489.5 273 -0.0051250223146017126
6 SIMPLE_RADIAL 979 546 581.26014430649479 489.5 273 0.0084318807473581676
7 SIMPLE_RADIAL 979 546 585.8598977684552 489.5 273 0.0019046819341215228
8 SIMPLE_RADIAL 979 546 571.00008730948173 489.5 273 0.001896604153292656
10 SIMPLE_RADIAL 979 546 573.99365200870432 489.5 273 -0.0062781150580581823
11 SIMPLE_RADIAL 979 546 577.00226965081788 489.5 273 -0.0010002068700840697
12 SIMPLE_RADIAL 979 546 575.2006192789554 489.5 273 -0.0051917942942916358
13 SIMPLE_RADIAL 979 546 580.40194951606964 489.5 273 -0.0038118907350832535
14 SIMPLE_RADIAL 979 546 575.55456005530641 489.5 273 -0.011191543158909668
17 SIMPLE_RADIAL 979 546 581.93383565702936 489.5 273 0.00079347829925525905
18 SIMPLE_RADIAL 979 546 579.0311693034763 489.5 273 0.0054210550716481893
19 SIMPLE_RADIAL 979 546 583.62098621347798 489.5 273 0.0023098300472105967
20 SIMPLE_RADIAL 979 546 576.85068599631882 489.5 273 0.0010823562545707538
22 SIMPLE_RADIAL 979 546 576.90642976554238 489.5 273 -0.0050867469341056085
23 SIMPLE_RADIAL 979 546 578.68919232871485 489.5 273 -0.0026676926502967363
25 SIMPLE_RADIAL 979 546 582.24382999094303 489.5 273 0.0009817564047125203
26 SIMPLE_RADIAL 979 546 582.11726920638137 489.5 273 0.00056883627115790892
27 SIMPLE_RADIAL 979 546 580.85911734217677 489.5 273 0.0060889610353307916
28 SIMPLE_RADIAL 979 546 584.77017472174862 489.5 273 0.00042469389794415222
29 SIMPLE_RADIAL 979 546 568.73213802194186 489.5 273 0.0047555584981939895
31 SIMPLE_RADIAL 979 546 571.7036190853679 489.5 273 0.0029251043475686388
32 SIMPLE_RADIAL 979 546 577.4022626140071 489.5 273 -0.0046628365657928042
